3
100000
0.500000 0.499937 0.436506 
0.499981 0.500000 0.190394 
0.121687 0.500000 0.499822 
0.470401 0.500000 0.496586 
0.499687 0.242300 0.500000 
0.500000 -0.327988 0.499947 
0.492198 0.500000 0.491981 
0.499218 0.500000 0.477600 
0.500000 0.493274 0.463404 
0.499278 0.365574 0.500000 
0.499515 0.356663 0.500000 
0.486595 0.500000 0.494900 
0.162700 0.499981 0.500000 
0.433869 0.500000 0.499644 
0.500000 0.499971 0.015446 
0.500000 0.485066 0.498602 
0.499982 0.200125 0.500000 
0.500000 0.340662 0.499749 
0.457448 0.500000 0.496805 
0.500000 0.427054 0.499600 
0.499047 0.475830 0.500000 
0.317754 0.499811 0.500000 
0.497204 0.499326 0.500000 
0.500000 0.492801 0.498141 
0.499509 0.500000 0.314221 
0.497894 0.500000 0.488570 
Time: 0.032728
